100
8390 0 11 81 85
14685 11273 43 33 18
15448 15448 10 10 99
0 7616 19 65 44
8593 4772 5 27 47
8771 11970 22 56 100
14740 5534 25 68 18
2183 11644 60 21 65
8382 10833 3 25 75
13304 9931 47 26 91
12345 12890 10 13 100
12345 12890 10 13 0
15894 17608 40 48 60
14182 11762 74 16 100
8129 16523 33 63 71
11928 1999 54 37 10
18560 10834 1 11 92
7809 7822 17 9 5
12345 12890 10 13 1
5428 5428 10 10 99
20000 20000 49 51 100
3681 12858 8 56 52
17447 10079 40 31 0
12251 17983 71 29 0
14753 19822 5 27 36
16053 19675 17 39 100
3976 5877 10 42 1
12861 16558 57 20 0
12802 18808 69 23 100
1991 15935 84 12 100
7229 2858 18 82 30
12861 16558 57 20 100
3121 14362 47 35 99
20000 20000 51 49 100
13729 4741 4 67 0
0 9198 73 25 80
10111 10156 46 12 92
3976 5877 10 42 0
3931 17733 1 69 32
12133 0 73 25 72
17461 16115 67 11 0
0 2935 11 81 59
0 8148 18 40 26
13702 17070 40 60 7
16838 2037 20 29 1
1871 17543 24 76 14
17447 10079 40 31 100
12861 16558 57 20 1
9842 16969 5 70 0
2102 492 53 23 93
12424 3315 11 0 34
4306 9526 59 34 39
2071 12581 0 6 88
16838 2037 20 29 0
14938 2787 23 4 0
3432 2387 54 46 85
16053 19675 17 39 1
13339 5883 39 53 57
3976 5877 10 42 100
6806 6806 10 10 99
19836 19836 10 10 99
12251 17983 71 29 1
4259 17391 68 10 75
19981 8664 15 3 12
12802 18808 69 23 1
17389 1237 8 9 92
16623 9820 41 6 0
12989 4183 24 17 1
14182 11762 74 16 0
9597 9378 15 66 87
8273 8046 48 18 56
12802 18808 69 23 0
1426 4300 7 10 36
14182 11762 74 16 1
9115 6714 73 26 81
16053 19675 17 39 0
1691 10810 29 45 10
10715 19370 41 49 48
19160 15178 45 16 84
1991 15935 84 12 1
1991 15935 84 12 0
16838 2037 20 29 100
19643 5467 8 22 25
16599 8177 5 24 33
0 17431 18 23 76
19955 6638 22 78 30
20000 20000 50 50 100
2557 3009 27 30 93
17447 10079 40 31 1
10944 10944 10 10 99
0 0 10 15 13
1178 0 19 65 7
16883 14813 84 9 4
10497 10763 0 45 17
0 0 10 15 0
12989 4183 24 17 0
10665 0 18 23 76
12989 4183 24 17 100
12251 17983 71 29 100
6865 0 18 40 75
