100
907712 849869 51 30 1
0 689076 40 20 185898027231617
436924 722253 44 24 1000000000000000
596915 594158 6 3 18464
363525 917266 44 0 1000000000000000
704256 0 9 69 674804248662989
907712 849869 51 30 3861
816552 239312 68 29 1941
350804 350804 10 10 99
314342 763371 88 12 116493950543269
1000000 1000000 49 51 1000000000000000
436924 722253 44 24 0
924700 896585 45 43 27080
816552 239312 68 29 1939
781529 281974 18 2 4152
816552 239312 68 29 1
0 984232 35 61 410759827133888
12345 12890 10 13 5049
965916 746917 38 44 0
816552 239312 68 29 0
363525 917266 44 0 1
107098 311078 39 61 787092359211519
564342 564342 10 10 99
781529 281974 18 2 1
398752 0 40 20 528855400383279
924700 896585 45 43 27081
781529 281974 18 2 0
907712 849869 51 30 3860
596915 594158 6 3 1000000000000000
965916 746917 38 44 1000000000000000
363525 917266 44 0 0
363525 917266 44 0 2132
12345 12890 10 13 100
965916 746917 38 44 10840
596915 594158 6 3 1
548133 11801 18 50 0
489500 903558 98 0 430651031328031
316411 960465 10 4 10071
816552 239312 68 29 1000000000000000
316411 960465 10 4 10072
907712 849869 51 30 0
907712 849869 51 30 1000000000000000
637786 784972 18 38 981497741834302
823822 595189 32 5 1000000000000000
436924 722253 44 24 1
406812 723473 77 23 337506363502028
924700 896585 45 43 0
433377 0 51 44 575919325329435
719923 554434 76 24 979179150613888
845563 44272 43 21 0
316411 960465 10 4 0
717313 0 35 61 971960578158657
363525 917266 44 0 2133
496959 732865 37 59 720794759042926
823822 595189 32 5 2971
436924 722253 44 24 3798
596915 594158 6 3 18465
823822 595189 32 5 2973
823822 595189 32 5 1
924700 896585 45 43 1000000000000000
224222 11685 33 45 957711724332225
0 0 10 15 13
1000000 1000000 50 50 1000000000000000
483226 201107 2 45 719894612815812
247536 408738 24 76 302810143595059
72904 682614 69 1 0
923810 146904 29 13 0
363525 917266 44 0 2134
436924 722253 44 24 3799
965916 746917 38 44 10842
68540 68540 10 10 99
726739 833761 50 27 0
12345 12890 10 13 1
596915 594158 6 3 0
823822 595189 32 5 0
965916 746917 38 44 1
907712 849869 51 30 3859
0 0 10 15 0
436924 722253 44 24 3800
316411 960465 10 4 1
781529 281974 18 2 4153
0 31506 44 23 4560591032318
816552 239312 68 29 1940
781529 281974 18 2 1000000000000000
1000000 1000000 51 49 1000000000000000
823822 595189 32 5 2972
781529 281974 18 2 4154
726604 726604 10 10 99
361995 306934 46 54 391922234355903
12345 12890 10 13 0
596915 594158 6 3 18463
924700 896585 45 43 27082
924700 896585 45 43 1
316411 960465 10 4 10070
530242 530242 10 10 99
965916 746917 38 44 10841
316411 960465 10 4 1000000000000000
0 963910 51 44 216875760017045
0 324010 9 69 112592140088341
579639 0 44 23 946057113129058
